FINISH
/CLEAR ! ,NOSTART
/PREP7
/TRIAD,LBOT
/VIEW,1,1,1,1
/ANGLE,1
/VUP,,Z
/ESHAPE,0
MP,EX,1,2e11
MP,PRXY,1,0.3
!nodes
N, 1, -8.1309757232666, -97.013977050781, 151.71159362793
N, 2, -5.849524974823, -98.096145629883, 151.96929931641
N, 3, -9.5181446075439, -96.699127197266, 156.30731201172
N, 4, -10.486135482788, -96.587615966797, 153.53968811035
N, 5, -11.799647331238, -90.873023986816, 152.55633544922
N, 6, -11.281938552856, -93.630867004395, 152.1710357666
N, 7, -9.7975378036499, -95.038597106934, 149.00579833984
N, 8, -10.107241630554, -95.968383789062, 150.92475891113
N, 9, -3.026579618454, -106.80380249023, 146.90098571777
N, 10, 0, -106.86798858643, 147.18783569336
N, 11, 0, -101.25150299072, 152.86067199707
N, 12, -4.4223222732544, -112.54156494141, 140.12083435059
N, 13, 0, -113.59766387939, 140.19557189941
N, 14, 0, -116.02445983887, 137.61781311035
N, 15, -5.0745315551758, -114.36212921143, 137.60804748535
N, 16, -5.6715292930603, -113.74633026123, 132.70208740234
N, 17, 0, -114.90644073486, 132.50469970703
N, 18, -3.3836314678192, -109.6642074585, 129.93647766113
N, 19, 0, -109.93618774414, 129.45324707031
N, 20, 0, -106.08695220947, 131.10913085938
N, 21, -4.1334662437439, -105.68040466309, 132.34248352051
N, 22, -4.8622484207153, -97.262786865234, 134.15693664551
N, 23, 0, -97.606201171875, 132.28518676758
N, 24, -6.8524951934814, -83.135589599609, 137.41273498535
N, 25, 0, -87.669776916504, 132.73136901855
N, 26, 0, -93.869140625, 160.74142456055
N, 27, -5.1616048812866, -91.899856567383, 163.89224243164
N, 28, 0, -87.830192565918, 165.38961791992
N, 29, -4.6429772377014, -85.986740112305, 166.29006958008
N, 30, -10.6854429245, -88.007293701172, 143.78895568848
N, 31, -7.5663747787476, -97.988998413086, 142.49923706055
N, 32, -10.269052505493, -88.442504882812, 162.79824829102
N, 33, -9.7401084899902, -81.921691894531, 159.01330566406
N, 34, -6.9954662322998, -106.98488616943, 138.42649841309
N, 35, -11.168616294861, -79.805198669434, 154.98622131348
N, 36, -10.663077354431, -75.327995300293, 156.32032775879
N, 37, 0, -73.825866699219, 163.69117736816
N, 38, -4.7206554412842, -80.037460327148, 165.12367248535
N, 39, -8.7825727462769, -80.909126281738, 159.52816772461
N, 40, -9.0748167037964, -84.192459106445, 163.97718811035
N, 41, -7.8274674415588, -86.424575805664, 171.60865783691
N, 42, -8.2178039550781, -89.988571166992, 171.36613464355
N, 43, -11.600253105164, -89.25114440918, 169.13168334961
N, 44, -11.332927703857, -84.996482849121, 169.43170166016
N, 45, -16.361190795898, -95.118263244629, 180.73910522461
N, 46, -16.363563537598, -95.317893981934, 180.73910522461
N, 47, -16.15552520752, -95.331840515137, 180.73910522461
N, 48, -16.10980796814, -95.120429992676, 180.73910522461
N, 49, -13.978363037109, -84.113746643066, 172.39599609375
N, 50, -13.644236564636, -85.28002166748, 174.89454650879
N, 51, -15.49111366272, -88.074508666992, 171.57051086426
N, 52, -15.175158500671, -89.111206054688, 175.81434631348
N, 53, -17.800498962402, -80.813690185547, 177.49894714355
N, 54, -18.102468490601, -86.406944274902, 176.70112609863
N, 55, -17.74534034729, -86.433578491211, 173.41754150391
N, 56, -12.138163566589, -78.805526733398, 185.05694580078
N, 57, -12.06690120697, -78.593002319336, 184.95790100098
N, 58, -12.192724227905, -78.556175231934, 185.09030151367
N, 59, -12.283226013184, -78.755142211914, 185.1247253418
N, 60, -16.37243270874, -82.63875579834, 173.80191040039
N, 61, -21.602100372314, -78.074554443359, 178.56498718262
N, 62, -23.589372634888, -82.345832824707, 179.22933959961
N, 63, -23.85000038147, -92.442924499512, 190.26168823242
N, 64, -23.79455947876, -92.489151000977, 189.95385742188
N, 65, -23.456066131592, -92.274429321289, 189.76524353027
N, 66, -23.514753341675, -92.225036621094, 190.06278991699
N, 67, -21.132040023804, -78.417549133301, 175.61769104004
N, 68, -23.252361297607, -82.617782592773, 175.69149780273
N, 69, -28.068988800049, -78.476615905762, 182.83941650391
N, 70, -25.5367603302, -75.575622558594, 181.82571411133
N, 71, -28.154678344727, -72.480194091797, 186.33534240723
N, 72, -30.433212280273, -75.625968933105, 187.5287322998
N, 73, -34.189754486084, -80.757720947266, 199.28453063965
N, 74, -33.788555145264, -80.757720947266, 199.28453063965
N, 75, -33.788555145264, -80.561981201172, 199.28453063965
N, 76, -34.189754486084, -80.561981201172, 199.28453063965
N, 77, -26.118131637573, -75.395370483398, 177.92639160156
N, 78, -29.294725418091, -71.111473083496, 183.18823242188
N, 79, -28.542869567871, -77.982933044434, 179.03527832031
N, 80, -31.391132354736, -72.705879211426, 183.82321166992
N, 81, -28.666820526123, -71.174880981445, 187.89469909668
N, 82, -31.435453414917, -72.055816650391, 189.88656616211
N, 83, -32.388610839844, -70.180442810059, 187.38768005371
N, 84, -29.965942382812, -69.75569152832, 185.51989746094
N, 85, -31.727546691895, -67.618995666504, 194.38632202148
N, 86, -29.235206604004, -64.156311035156, 192.74771118164
N, 87, -29.920751571655, -56.619499206543, 198.44973754883
N, 88, -31.99059677124, -57.69970703125, 199.96879577637
N, 89, -32.499755859375, -65.415420532227, 190.20858764648
N, 90, -32.415622711182, -55.54195022583, 197.25161743164
N, 91, -30.306346893311, -63.81519317627, 190.5866394043
N, 92, -30.852865219116, -55.128486633301, 196.59761047363
N, 93, -30.524171829224, -53.707736968994, 209.36264038086
N, 94, -31.412485122681, -54.069927215576, 209.40168762207
N, 95, -31.599891662598, -52.54056930542, 209.36041259766
N, 96, -30.910820007324, -52.20246887207, 209.31469726562
N, 97, -30.990781784058, -53.866046905518, 214.10914611816
N, 98, -31.205331802368, -53.956069946289, 214.11106872559
N, 99, -31.235956192017, -53.611915588379, 214.14807128906
N, 100, -31.09418296814, -53.566333770752, 214.16885375977
N, 101, -14.212790489197, -91.904365539551, 175.37538146973
N, 102, -15.130763053894, -93.254165649414, 174.40400695801
N, 103, -13.242623329163, -90.049697875977, 174.59872436523
N, 104, -17.249792098999, -92.67366027832, 174.93600463867
N, 105, -15.865063667297, -94.382926940918, 179.00563049316
N, 106, -15.96653842926, -94.964309692383, 178.84274291992
N, 107, -16.461364746094, -91.630928039551, 176.74562072754
N, 108, -16.587596893311, -94.04337310791, 179.12826538086
N, 109, -16.734909057617, -94.782585144043, 178.84942626953
N, 110, -13.623083114624, -79.866760253906, 177.64530944824
N, 111, -14.144342422485, -80.37712097168, 178.95843505859
N, 112, -15.017328262329, -78.55948638916, 178.29779052734
N, 113, -15.830132484436, -79.431617736816, 180.1826171875
N, 114, -13.241805076599, -77.324317932129, 181.57034301758
N, 115, -13.362701416016, -78.492256164551, 181.97883605957
N, 116, -14.072946548462, -77.15202331543, 181.78645324707
N, 117, -14.350953102112, -78.180603027344, 182.35083007812
N, 118, -22.999881744385, -87.778007507324, 182.62265014648
N, 119, -23.464769363403, -88.018409729004, 181.4181060791
N, 120, -26.282186508179, -86.904541015625, 183.26782226562
N, 121, -25.832208633423, -87.396423339844, 181.5458984375
N, 122, -24.867681503296, -89.143104553223, 186.8023223877
N, 123, -24.571086883545, -89.779678344727, 186.13984680176
N, 124, -26.752420425415, -88.860244750977, 186.94705200195
N, 125, -26.445461273193, -89.501029968262, 186.23222351074
N, 126, -33.586860656738, -78.791122436523, 187.85041809082
N, 127, -35.61096572876, -77.995330810547, 185.30502319336
N, 128, -32.579578399658, -77.147262573242, 189.0326385498
N, 129, -34.682762145996, -76.512413024902, 188.12948608398
N, 130, -34.38436126709, -80.154273986816, 195.26416015625
N, 131, -36.061058044434, -80.154273986816, 195.26416015625
N, 132, -34.38436126709, -79.336219787598, 195.26416015625
N, 133, -36.061058044434, -79.336219787598, 195.26416015625
N, 134, -25.49561882019, -65.88158416748, 209.92144775391
N, 135, -25.874399185181, -66.025726318359, 209.92970275879
N, 136, -25.77289390564, -66.314041137695, 209.92749023438
N, 137, -25.38697052002, -66.137031555176, 209.91906738281
N, 138, -44.355781555176, -58.191265106201, 223.75968933105
N, 139, -44.182403564453, -57.795829772949, 223.85244750977
N, 140, -44.574031829834, -57.567672729492, 223.91003417969
N, 141, -44.787445068359, -57.984867095947, 223.81237792969
N, 142, -39.504623413086, -67.163597106934, 195.67578125
N, 143, -38.454921722412, -68.432067871094, 197.93394470215
N, 144, -41.177139282227, -69.550720214844, 195.39779663086
N, 145, -39.928489685059, -70.692520141602, 197.80746459961
N, 146, -44.30632019043, -64.669540405273, 201.7024230957
N, 147, -43.086009979248, -65.885322570801, 203.7328338623
N, 148, -45.943359375, -67.052993774414, 201.56819152832
N, 149, -44.579814910889, -68.183258056641, 203.68072509766
N, 150, -45.817604064941, -59.043418884277, 212.28787231445
N, 151, -44.579700469971, -60.38028717041, 212.54231262207
N, 152, -47.163597106934, -60.159610748291, 212.78045654297
N, 153, -45.743240356445, -61.479526519775, 213.00833129883
N, 154, -29.481416702271, -66.360939025879, 197.53681945801
N, 155, -26.653190612793, -64.882118225098, 196.12930297852
N, 156, -27.940233230591, -69.315551757812, 196.58799743652
N, 157, -25.485332489014, -67.501609802246, 195.66412353516
N, 158, -26.485633850098, -65.481117248535, 204.37126159668
N, 159, -24.958620071411, -64.789520263672, 204
N, 160, -26.076425552368, -66.864311218262, 204.2717590332
N, 161, -24.520624160767, -66.015113830566, 203.89352416992
N, 162, -23.870429992676, -66.94189453125, 165.06651306152
N, 163, -16.45726776123, -75.00366973877, 164.07829284668
N, 164, -14.784337043762, -73.585571289062, 163.89460754395
N, 165, -15.348909378052, -68.935195922852, 159.96272277832
N, 166, -8.7581672668457, -61.246124267578, 145.97158813477
N, 167, 0, -57.32368850708, 151.63819885254
N, 168, 0, -37.97864151001, 142.75134277344
N, 169, -12.563393592834, -44.216941833496, 132.67774963379
N, 170, -13.236433029175, -26.930374145508, 137.34313964844
N, 171, 0, -24.729469299316, 142.61563110352
N, 172, 0, -18.49716758728, 144.33343505859
N, 173, -12.153112411499, -13.233988761902, 136.51651000977
N, 174, 0, 9.9968957901001, 141.53387451172
N, 175, -13.457691192627, 9.9968957901001, 137.24388122559
N, 176, 0, 44.965282440186, 144.88026428223
N, 177, -9.8639545440674, 43.28685760498, 138.15634155273
N, 178, 0, 64.36328125, 144.53823852539
N, 179, -12.119673728943, 65.001480102539, 142.29243469238
N, 180, 0, -79.626945495605, 117.97562408447
N, 181, -8.8612432479858, -73.941284179688, 126.34351348877
N, 182, -11.782128334045, -53.293495178223, 97.921478271484
N, 183, 0, -62.038185119629, 93.875335693359
N, 184, -6.9160013198853, -42.552494049072, 82.10375213623
N, 185, 0, -46.919628143311, 78.623016357422
N, 186, 0, 87.61058807373, 116.73288726807
N, 187, 0, 80.201728820801, 98.461547851562
N, 188, -2.2896118164062, 85.210609436035, 97.421867370605
N, 189, -3.0854053497314, 89.991882324219, 116.63067626953
N, 190, 0, 66.146766662598, 89.514533996582
N, 191, -2.347354888916, 67.034164428711, 88.148246765137
N, 192, 0, 51.168376922607, 81.902938842773
N, 193, -7.6054444313049, 49.600715637207, 84.625778198242
N, 194, 0, 34.406684875488, 76.712554931641
N, 195, -7.9205460548401, 35.295223236084, 81.118034362793
N, 196, -8.6097497940063, 9.9968957901001, 81.474456787109
N, 197, 0, 9.9968957901001, 78.572189331055
N, 198, 0, -14.159003257751, 76.097175598145
N, 199, -7.0404171943665, -13.351545333862, 78.632652282715
N, 200, 0, -29.998489379883, 74.52220916748
N, 201, -4.1249060630798, -28.7064037323, 77.391044616699
N, 202, -18.718294143677, -10.173359870911, 96.59602355957
N, 203, -21.006254196167, 9.9455099105835, 96.156860351562
N, 204, -10.012349128723, -15.146152496338, 80.096824645996
N, 205, -16.516870498657, -16.373161315918, 81.487915039062
N, 206, -18.672807693481, -27.9274559021, 77.180458068848
N, 207, -13.766240119934, -24.271905899048, 55.26399230957
N, 208, -15.356334686279, -29.141876220703, 55.495456695557
N, 209, -16.583869934082, -36.061210632324, 80.517280578613
N, 210, -13.864870071411, -34.276138305664, 55.295455932617
N, 211, -10.060465812683, -36.061210632324, 80.517280578613
N, 212, -8.7922620773315, -34.276138305664, 55.295455932617
N, 213, -6.1607565879822, -29.141876220703, 55.495456695557
N, 214, -6.9021382331848, -27.927457809448, 77.180458068848
N, 215, -8.6714925765991, -24.184303283691, 55.26399230957
N, 216, -21.342531204224, -29.883058547974, 109.1929397583
N, 217, -9.5358114242554, 85.162734985352, 32.843235015869
N, 218, -12.619336128235, 85.162734985352, 32.843235015869
N, 219, -13.425506591797, 84.522621154785, 15.62949848175
N, 220, -8.1430101394653, 84.522621154785, 15.62949848175
N, 221, -15.785704612732, 80.773330688477, 3.8232033252716
N, 222, -11.420525550842, 79.72966003418, 4.3257155418396
N, 223, -11.71484375, 80.7421875, 7.8994975090027
N, 224, -12.20125579834, 91.685302734375, 17.668565750122
N, 225, -8.7639102935791, 91.685302734375, 17.668565750122
N, 226, -9.7110319137573, 92.42032623291, 13.442855834961
N, 227, -10.877572059631, 92.42032623291, 13.442855834961
N, 228, -7.68865442276, 89.237312316895, 17.688791275024
N, 229, -7.5055465698242, 92.42032623291, 13.442855834961
N, 230, -13.190576553345, 92.42032623291, 13.442855834961
N, 231, -13.113523483276, 91.691612243652, 9.3009643554688
N, 232, -13.125630378723, 91.570449829102, 9.3281373977661
N, 233, -13.474678993225, 89.869407653809, 11.891206741333
N, 234, -7.7906427383423, 91.68440246582, 9.3087968826294
N, 235, -7.7906427383423, 91.565116882324, 9.3329906463623
N, 236, -9.6365041732788, 89.869407653809, 11.891206741333
N, 237, -13.033796310425, 91.69157409668, 9.3009119033813
N, 238, -13.033797264099, 91.572280883789, 9.3251152038574
N, 239, -7.6996006965637, 91.684555053711, 9.3088626861572
N, 240, -7.7030267715454, 91.566757202148, 9.3374242782593
N, 241, -11.046928405762, 89.869407653809, 11.891206741333
N, 242, -7.5762367248535, 89.869407653809, 11.891206741333
N, 243, -14.585586547852, 86.324867248535, 0.61609262228012
N, 244, -11.014225006104, 79.72966003418, 4.3257155418396
N, 245, -11.422494888306, 86.32585144043, 0.61560523509979
N, 246, -11.000726699829, 86.329071044922, 0.61399811506271
N, 247, -7.5035576820374, 78.062217712402, 0
N, 248, -5.9919710159302, 80.773330688477, 3.8232033252716
N, 249, -10.91681098938, 75.250434875488, -1.893846324208e-08
N, 250, -11.517028808594, 75.250434875488, -1.893846324208e-08
N, 251, -14.51695728302, 78.062217712402, 0
N, 252, -7.5035576820374, 84.961990356445, 0
N, 253, -7.42937707901, 86.322357177734, 0.61733651161194
N, 254, -14.51695728302, 84.961990356445, 0
N, 255, -10.91681098938, 84.961990356445, 0
N, 256, -11.517028808594, 84.961990356445, 0
N, 257, -11.934267997742, 90.51343536377, 33.591632843018
N, 258, -8.6148643493652, 90.51343536377, 33.591632843018
N, 259, -13.684941291809, 90.42504119873, 57.965148925781
N, 260, -14.435461044312, 84.772117614746, 55.734809875488
N, 261, -17.608869552612, 75.772789001465, 67.374946594238
N, 262, -16.758266448975, 81.737281799316, 69.330955505371
N, 263, -12.009483337402, 77.173553466797, 54.060443878174
N, 264, -14.223033905029, 68.346580505371, 65.382736206055
N, 265, -8.362998008728, 81.737281799316, 69.330955505371
N, 266, -6.9633231163025, 90.42504119873, 57.965148925781
N, 267, -18.194438934326, 79.664085388184, 82.571014404297
N, 268, -8.0082511901855, 79.664085388184, 82.571014404297
N, 269, -15.102782249451, 57.820503234863, 75.021110534668
N, 270, -19.584943771362, 69.712356567383, 79.897941589355
N, 271, -8.1694393157959, 69.712356567383, 79.897941589355
N, 272, -8.3629970550537, 75.772789001465, 67.374946594238
N, 273, -6.7516980171204, 84.772117614746, 55.734809875488
N, 274, -9.575831413269, 57.820503234863, 75.021110534668
N, 275, -8.3629970550537, 68.346580505371, 65.382736206055
N, 276, -9.6931667327881, 77.173553466797, 54.060443878174
N, 277, -17.928106307983, 50.44083404541, 86.315223693848
N, 278, -23.970306396484, 68.086547851562, 94.16431427002
N, 279, -19.804521560669, 87.489082336426, 97.699356079102
N, 280, -17.721858978271, 39.482772827148, 101.60509490967
N, 281, -24.773376464844, 62.603462219238, 121.95956420898
N, 282, -19.791872024536, 83.258659362793, 120.47594451904
N, 283, -6.44806432724, 87.573516845703, 134.97389221191
N, 284, 0, 87.906288146973, 136.66423034668
N, 285, 0, 97.091133117676, 128.25202941895
N, 286, -3.5020661354065, 95.183685302734, 126.88938903809
N, 287, -3.3932526111603, 91.841484069824, 124.06143951416
N, 288, -2.207010269165, 93.084129333496, 123.25118255615
N, 289, 0, 90.319488525391, 123.41344451904
N, 290, 0, 92.432754516602, 122.66036987305
N, 291, 0, 98.392387390137, 119.13914489746
N, 292, -2.6134552955627, 97.566162109375, 119.80757141113
N, 293, -2.1431770324707, 96.722549438477, 119.419090271
N, 294, 0, 96.555221557617, 118.49463653564
N, 295, -22.28444480896, -68.790855407715, 158.71078491211
N, 296, -16.912487030029, -73.222579956055, 160.66471862793
N, 297, -16.601760864258, -71.673957824707, 154.43728637695
N, 298, -9.2254476547241, -96.021102905273, 152.05053710938
N, 299, -9.8269634246826, -95.795288085938, 152.53372192383
N, 300, -10.11200428009, -95.070457458496, 152.18287658691
N, 301, -9.7158060073853, -95.626091003418, 151.79769897461
N, 302, -10.286790847778, 80.7421875, 7.8994975090027
N, 303, -12.719513893127, 87.711074829102, 33.203014373779
N, 304, -13.269466400146, 89.232223510742, 17.687885284424
N, 305, -7.9871830940247, 87.711074829102, 33.203014373779
N, 306, -9.535816192627, -34.151260375977, 31.95103263855
N, 307, -12.619341850281, -34.151260375977, 31.95103263855
N, 308, -13.425511360168, -36.165790557861, 15.629493713379
N, 309, -8.1430158615112, -36.165790557861, 15.629493713379
N, 310, -15.785710334778, -39.91508102417, 3.8231978416443
N, 311, -11.420530319214, -40.958755493164, 4.325710773468
N, 312, -11.714848518372, -39.946228027344, 7.8994903564453
N, 313, -12.201261520386, -29.003112792969, 17.668560028076
N, 314, -8.7639141082764, -29.003112792969, 17.668560028076
N, 315, -9.7110366821289, -28.268085479736, 13.442850112915
N, 316, -10.877577781677, -28.268085479736, 13.442850112915
N, 317, -7.6886596679688, -31.451097488403, 17.688785552979
N, 318, -7.5055508613586, -28.268085479736, 13.442850112915
N, 319, -13.190583229065, -28.268085479736, 13.442850112915
N, 320, -13.113531112671, -28.996797561646, 9.3009576797485
N, 321, -13.125637054443, -29.117963790894, 9.3281316757202
N, 322, -13.474685668945, -30.819005966187, 11.891201019287
N, 323, -7.790647983551, -29.00400352478, 9.3087902069092
N, 324, -7.790647983551, -29.123294830322, 9.3329849243164
N, 325, -9.6365098953247, -30.819005966187, 11.891201019287
N, 326, -13.033802986145, -28.996824264526, 9.3009052276611
N, 327, -13.033802986145, -29.116136550903, 9.3251085281372
N, 328, -7.6996059417725, -29.003856658936, 9.3088569641113
N, 329, -7.703031539917, -29.121652603149, 9.3374185562134
N, 330, -11.046934127808, -30.819005966187, 11.891201019287
N, 331, -7.5762419700623, -30.819005966187, 11.891201019287
N, 332, -14.585591316223, -34.363544464111, 0.61608791351318
N, 333, -11.014227867126, -40.958755493164, 4.325710773468
N, 334, -11.422500610352, -34.362564086914, 0.6156005859375
N, 335, -11.000732421875, -34.359325408936, 0.61399346590042
N, 336, -7.5035629272461, -42.626190185547, -6.247199507925e-06
N, 337, -5.9919762611389, -39.91508102417, 3.8231978416443
N, 338, -10.916816711426, -45.437980651855, -6.247199507925e-06
N, 339, -11.517033576965, -45.437980651855, -6.247199507925e-06
N, 340, -14.516962051392, -42.626190185547, -6.247199507925e-06
N, 341, -7.5035629272461, -35.726413726807, -4.6853992898832e-06
N, 342, -7.4293823242188, -34.366054534912, 0.61733108758926
N, 343, -14.516962051392, -35.726413726807, -4.6853992898832e-06
N, 344, -10.9168176651, -35.726413726807, -4.6853992898832e-06
N, 345, -11.51703453064, -35.726413726807, -4.6853992898832e-06
N, 346, -11.934274673462, -28.748645782471, 31.994623184204
N, 347, -8.6148691177368, -28.748645782471, 31.994623184204
N, 348, -10.286797523499, -39.946228027344, 7.8994903564453
N, 349, -12.719518661499, -31.577760696411, 31.975103378296
N, 350, -13.269471168518, -31.456186294556, 17.687881469727
N, 351, -7.9871888160706, -31.577760696411, 31.975103378296
N, 352, 8.1309757232666, -97.013977050781, 151.71159362793
N, 353, 10.486135482788, -96.587615966797, 153.53968811035
N, 354, 9.5181446075439, -96.699127197266, 156.30731201172
N, 355, 5.849524974823, -98.096145629883, 151.96929931641
N, 356, 11.281938552856, -93.630867004395, 152.1710357666
N, 357, 11.799647331238, -90.873023986816, 152.55633544922
N, 358, 10.107241630554, -95.968383789062, 150.92475891113
N, 359, 9.7975378036499, -95.038597106934, 149.00579833984
N, 360, 3.026579618454, -106.80380249023, 146.90098571777
N, 361, 4.4223222732544, -112.54156494141, 140.12083435059
N, 362, 5.6715292930603, -113.74633026123, 132.70208740234
N, 363, 5.0745315551758, -114.36212921143, 137.60804748535
N, 364, 3.3836314678192, -109.6642074585, 129.93647766113
N, 365, 4.8622484207153, -97.262786865234, 134.15693664551
N, 366, 4.1334662437439, -105.68040466309, 132.34248352051
N, 367, 6.8524951934814, -83.135589599609, 137.41273498535
N, 368, 5.1616048812866, -91.899856567383, 163.89224243164
N, 369, 4.6429772377014, -85.986740112305, 166.29006958008
N, 370, 7.5663747787476, -97.988998413086, 142.49923706055
N, 371, 10.6854429245, -88.007293701172, 143.78895568848
N, 372, 9.7401084899902, -81.921691894531, 159.01330566406
N, 373, 10.269052505493, -88.442504882812, 162.79824829102
N, 374, 6.9954662322998, -106.98488616943, 138.42649841309
N, 375, 10.663077354431, -75.327995300293, 156.32032775879
N, 376, 11.168616294861, -79.805198669434, 154.98622131348
N, 377, 4.7206554412842, -80.037460327148, 165.12367248535
N, 378, 9.0748167037964, -84.192459106445, 163.97718811035
N, 379, 8.7825727462769, -80.909126281738, 159.52816772461
N, 380, 8.2178039550781, -89.988571166992, 171.36613464355
N, 381, 7.8274674415588, -86.424575805664, 171.60865783691
N, 382, 11.600253105164, -89.25114440918, 169.13168334961
N, 383, 11.332927703857, -84.996482849121, 169.43170166016
N, 384, 16.15552520752, -95.331840515137, 180.73910522461
N, 385, 16.363563537598, -95.317893981934, 180.73910522461
N, 386, 16.361190795898, -95.118263244629, 180.73910522461
N, 387, 16.10980796814, -95.120429992676, 180.73910522461
N, 388, 13.644236564636, -85.28002166748, 174.89454650879
N, 389, 13.978363037109, -84.113746643066, 172.39599609375
N, 390, 15.49111366272, -88.074508666992, 171.57051086426
N, 391, 15.175158500671, -89.111206054688, 175.81434631348
N, 392, 18.102468490601, -86.406944274902, 176.70112609863
N, 393, 17.800498962402, -80.813690185547, 177.49894714355
N, 394, 17.74534034729, -86.433578491211, 173.41754150391
N, 395, 12.138163566589, -78.805526733398, 185.05694580078
N, 396, 12.283226013184, -78.755142211914, 185.1247253418
N, 397, 12.192724227905, -78.556175231934, 185.09030151367
N, 398, 12.06690120697, -78.593002319336, 184.95790100098
N, 399, 16.37243270874, -82.63875579834, 173.80191040039
N, 400, 23.589372634888, -82.345832824707, 179.22933959961
N, 401, 21.602100372314, -78.074554443359, 178.56498718262
N, 402, 23.456066131592, -92.274429321289, 189.76524353027
N, 403, 23.79455947876, -92.489151000977, 189.95385742188
N, 404, 23.85000038147, -92.442924499512, 190.26168823242
N, 405, 23.514753341675, -92.225036621094, 190.06278991699
N, 406, 21.132040023804, -78.417549133301, 175.61769104004
N, 407, 23.252361297607, -82.617782592773, 175.69149780273
N, 408, 28.068988800049, -78.476615905762, 182.83941650391
N, 409, 30.433212280273, -75.625968933105, 187.5287322998
N, 410, 28.154678344727, -72.480194091797, 186.33534240723
N, 411, 25.5367603302, -75.575622558594, 181.82571411133
N, 412, 34.189754486084, -80.757720947266, 199.28453063965
N, 413, 34.189754486084, -80.561981201172, 199.28453063965
N, 414, 33.788555145264, -80.561981201172, 199.28453063965
N, 415, 33.788555145264, -80.757720947266, 199.28453063965
N, 416, 29.294725418091, -71.111473083496, 183.18823242188
N, 417, 26.118131637573, -75.395370483398, 177.92639160156
N, 418, 31.391132354736, -72.705879211426, 183.82321166992
N, 419, 28.542869567871, -77.982933044434, 179.03527832031
N, 420, 31.435453414917, -72.055816650391, 189.88656616211
N, 421, 28.666820526123, -71.174880981445, 187.89469909668
N, 422, 32.388610839844, -70.180442810059, 187.38768005371
N, 423, 29.965942382812, -69.75569152832, 185.51989746094
N, 424, 31.727546691895, -67.618995666504, 194.38632202148
N, 425, 31.99059677124, -57.69970703125, 199.96879577637
N, 426, 29.920751571655, -56.619499206543, 198.44973754883
N, 427, 29.235206604004, -64.156311035156, 192.74771118164
N, 428, 32.499755859375, -65.415420532227, 190.20858764648
N, 429, 32.415622711182, -55.54195022583, 197.25161743164
N, 430, 30.852865219116, -55.128486633301, 196.59761047363
N, 431, 30.306346893311, -63.81519317627, 190.5866394043
N, 432, 31.412485122681, -54.069927215576, 209.40168762207
N, 433, 30.524171829224, -53.707736968994, 209.36264038086
N, 434, 31.599891662598, -52.54056930542, 209.36041259766
N, 435, 30.910820007324, -52.20246887207, 209.31469726562
N, 436, 31.205331802368, -53.956069946289, 214.11106872559
N, 437, 30.990781784058, -53.866046905518, 214.10914611816
N, 438, 31.235956192017, -53.611915588379, 214.14807128906
N, 439, 31.09418296814, -53.566333770752, 214.16885375977
N, 440, 15.130763053894, -93.254165649414, 174.40400695801
N, 441, 14.212790489197, -91.904365539551, 175.37538146973
N, 442, 13.242623329163, -90.049697875977, 174.59872436523
N, 443, 17.249792098999, -92.67366027832, 174.93600463867
N, 444, 15.96653842926, -94.964309692383, 178.84274291992
N, 445, 15.865063667297, -94.382926940918, 179.00563049316
N, 446, 16.587596893311, -94.04337310791, 179.12826538086
N, 447, 16.461364746094, -91.630928039551, 176.74562072754
N, 448, 16.734909057617, -94.782585144043, 178.84942626953
N, 449, 14.144342422485, -80.37712097168, 178.95843505859
N, 450, 13.623083114624, -79.866760253906, 177.64530944824
N, 451, 15.017328262329, -78.55948638916, 178.29779052734
N, 452, 15.830132484436, -79.431617736816, 180.1826171875
N, 453, 13.362701416016, -78.492256164551, 181.97883605957
N, 454, 13.241805076599, -77.324317932129, 181.57034301758
N, 455, 14.072946548462, -77.15202331543, 181.78645324707
N, 456, 14.350953102112, -78.180603027344, 182.35083007812
N, 457, 23.464769363403, -88.018409729004, 181.4181060791
N, 458, 22.999881744385, -87.778007507324, 182.62265014648
N, 459, 26.282186508179, -86.904541015625, 183.26782226562
N, 460, 25.832208633423, -87.396423339844, 181.5458984375
N, 461, 24.571086883545, -89.779678344727, 186.13984680176
N, 462, 24.867681503296, -89.143104553223, 186.8023223877
N, 463, 26.752420425415, -88.860244750977, 186.94705200195
N, 464, 26.445461273193, -89.501029968262, 186.23222351074
N, 465, 35.61096572876, -77.995330810547, 185.30502319336
N, 466, 33.586860656738, -78.791122436523, 187.85041809082
N, 467, 32.579578399658, -77.147262573242, 189.0326385498
N, 468, 34.682762145996, -76.512413024902, 188.12948608398
N, 469, 36.061058044434, -80.154273986816, 195.26416015625
N, 470, 34.38436126709, -80.154273986816, 195.26416015625
N, 471, 34.38436126709, -79.336219787598, 195.26416015625
N, 472, 36.061058044434, -79.336219787598, 195.26416015625
N, 473, 25.77289390564, -66.314041137695, 209.92749023438
N, 474, 25.874399185181, -66.025726318359, 209.92970275879
N, 475, 25.49561882019, -65.88158416748, 209.92144775391
N, 476, 25.38697052002, -66.137031555176, 209.91906738281
N, 477, 44.355781555176, -58.191265106201, 223.75968933105
N, 478, 44.787445068359, -57.984867095947, 223.81237792969
N, 479, 44.574031829834, -57.567672729492, 223.91003417969
N, 480, 44.182403564453, -57.795829772949, 223.85244750977
N, 481, 38.454921722412, -68.432067871094, 197.93394470215
N, 482, 39.504623413086, -67.163597106934, 195.67578125
N, 483, 41.177139282227, -69.550720214844, 195.39779663086
N, 484, 39.928489685059, -70.692520141602, 197.80746459961
N, 485, 43.086009979248, -65.885322570801, 203.7328338623
N, 486, 44.30632019043, -64.669540405273, 201.7024230957
N, 487, 45.943359375, -67.052993774414, 201.56819152832
N, 488, 44.579814910889, -68.183258056641, 203.68072509766
N, 489, 44.579700469971, -60.38028717041, 212.54231262207
N, 490, 45.817604064941, -59.043418884277, 212.28787231445
N, 491, 47.163597106934, -60.159610748291, 212.78045654297
N, 492, 45.743240356445, -61.479526519775, 213.00833129883
N, 493, 26.653190612793, -64.882118225098, 196.12930297852
N, 494, 29.481416702271, -66.360939025879, 197.53681945801
N, 495, 27.940233230591, -69.315551757812, 196.58799743652
N, 496, 25.485332489014, -67.501609802246, 195.66412353516
N, 497, 24.958620071411, -64.789520263672, 204
N, 498, 26.485633850098, -65.481117248535, 204.37126159668
N, 499, 26.076425552368, -66.864311218262, 204.2717590332
N, 500, 24.520624160767, -66.015113830566, 203.89352416992
N, 501, 14.784337043762, -73.585571289062, 163.89460754395
N, 502, 16.45726776123, -75.00366973877, 164.07829284668
N, 503, 23.870429992676, -66.94189453125, 165.06651306152
N, 504, 15.348909378052, -68.935195922852, 159.96272277832
N, 505, 8.7581672668457, -61.246124267578, 145.97158813477
N, 506, 12.563393592834, -44.216941833496, 132.67774963379
N, 507, 13.236433029175, -26.930374145508, 137.34313964844
N, 508, 12.153112411499, -13.233988761902, 136.51651000977
N, 509, 13.457691192627, 9.9968957901001, 137.24388122559
N, 510, 9.8639545440674, 43.28685760498, 138.15634155273
N, 511, 12.119673728943, 65.001480102539, 142.29243469238
N, 512, 11.782128334045, -53.293495178223, 97.921478271484
N, 513, 8.8612432479858, -73.941284179688, 126.34351348877
N, 514, 6.9160013198853, -42.552494049072, 82.10375213623
N, 515, 3.0854053497314, 89.991882324219, 116.63067626953
N, 516, 2.2896118164062, 85.210609436035, 97.421867370605
N, 517, 2.347354888916, 67.034164428711, 88.148246765137
N, 518, 7.6054444313049, 49.600715637207, 84.625778198242
N, 519, 7.9205460548401, 35.295223236084, 81.118034362793
N, 520, 8.6097497940063, 9.9968957901001, 81.474456787109
N, 521, 7.0404171943665, -13.351545333862, 78.632652282715
N, 522, 4.1249060630798, -28.7064037323, 77.391044616699
N, 523, 21.006254196167, 9.9455099105835, 96.156860351562
N, 524, 18.718294143677, -10.173359870911, 96.59602355957
N, 525, 10.012349128723, -15.146152496338, 80.096824645996
N, 526, 16.516870498657, -16.373161315918, 81.487915039062
N, 527, 18.672807693481, -27.9274559021, 77.180458068848
N, 528, 15.356334686279, -29.141876220703, 55.495456695557
N, 529, 13.766240119934, -24.271905899048, 55.26399230957
N, 530, 16.583869934082, -36.061210632324, 80.517280578613
N, 531, 13.864870071411, -34.276138305664, 55.295455932617
N, 532, 6.1607565879822, -29.141876220703, 55.495456695557
N, 533, 8.7922620773315, -34.276138305664, 55.295455932617
N, 534, 10.060465812683, -36.061210632324, 80.517280578613
N, 535, 6.9021382331848, -27.927457809448, 77.180458068848
N, 536, 8.6714925765991, -24.184303283691, 55.26399230957
N, 537, 21.342531204224, -29.883058547974, 109.1929397583
N, 538, 9.5358114242554, 85.162734985352, 32.843235015869
N, 539, 8.1430101394653, 84.522621154785, 15.62949848175
N, 540, 13.425506591797, 84.522621154785, 15.62949848175
N, 541, 12.619336128235, 85.162734985352, 32.843235015869
N, 542, 15.785704612732, 80.773330688477, 3.8232033252716
N, 543, 11.71484375, 80.7421875, 7.8994975090027
N, 544, 11.420525550842, 79.72966003418, 4.3257155418396
N, 545, 12.20125579834, 91.685302734375, 17.668565750122
N, 546, 10.877572059631, 92.42032623291, 13.442855834961
N, 547, 9.7110319137573, 92.42032623291, 13.442855834961
N, 548, 8.7639102935791, 91.685302734375, 17.668565750122
N, 549, 7.5055465698242, 92.42032623291, 13.442855834961
N, 550, 7.68865442276, 89.237312316895, 17.688791275024
N, 551, 13.190576553345, 92.42032623291, 13.442855834961
N, 552, 13.474678993225, 89.869407653809, 11.891206741333
N, 553, 13.125630378723, 91.570449829102, 9.3281373977661
N, 554, 13.113523483276, 91.691612243652, 9.3009643554688
N, 555, 9.6365041732788, 89.869407653809, 11.891206741333
N, 556, 7.7906427383423, 91.565116882324, 9.3329906463623
N, 557, 7.7906427383423, 91.68440246582, 9.3087968826294
N, 558, 13.033796310425, 91.69157409668, 9.3009119033813
N, 559, 13.033797264099, 91.572280883789, 9.3251152038574
N, 560, 7.7030267715454, 91.566757202148, 9.3374242782593
N, 561, 7.6996006965637, 91.684555053711, 9.3088626861572
N, 562, 11.046928405762, 89.869407653809, 11.891206741333
N, 563, 7.5762367248535, 89.869407653809, 11.891206741333
N, 564, 14.585586547852, 86.324867248535, 0.61609262228012
N, 565, 11.422494888306, 86.32585144043, 0.61560523509979
N, 566, 11.014225006104, 79.72966003418, 4.3257155418396
N, 567, 11.000726699829, 86.329071044922, 0.61399811506271
N, 568, 5.9919710159302, 80.773330688477, 3.8232033252716
N, 569, 7.5035576820374, 78.062217712402, 0
N, 570, 10.91681098938, 75.250434875488, -1.893846324208e-08
N, 571, 11.517028808594, 75.250434875488, -1.893846324208e-08
N, 572, 14.51695728302, 78.062217712402, 0
N, 573, 7.42937707901, 86.322357177734, 0.61733651161194
N, 574, 7.5035576820374, 84.961990356445, 0
N, 575, 14.51695728302, 84.961990356445, 0
N, 576, 10.91681098938, 84.961990356445, 0
N, 577, 11.517028808594, 84.961990356445, 0
N, 578, 11.934267997742, 90.51343536377, 33.591632843018
N, 579, 8.6148643493652, 90.51343536377, 33.591632843018
N, 580, 13.684941291809, 90.42504119873, 57.965148925781
N, 581, 16.758266448975, 81.737281799316, 69.330955505371
N, 582, 17.608869552612, 75.772789001465, 67.374946594238
N, 583, 14.435461044312, 84.772117614746, 55.734809875488
N, 584, 14.223033905029, 68.346580505371, 65.382736206055
N, 585, 12.009483337402, 77.173553466797, 54.060443878174
N, 586, 8.362998008728, 81.737281799316, 69.330955505371
N, 587, 6.9633231163025, 90.42504119873, 57.965148925781
N, 588, 8.0082511901855, 79.664085388184, 82.571014404297
N, 589, 18.194438934326, 79.664085388184, 82.571014404297
N, 590, 19.584943771362, 69.712356567383, 79.897941589355
N, 591, 15.102782249451, 57.820503234863, 75.021110534668
N, 592, 8.3629970550537, 75.772789001465, 67.374946594238
N, 593, 8.1694393157959, 69.712356567383, 79.897941589355
N, 594, 6.7516980171204, 84.772117614746, 55.734809875488
N, 595, 8.3629970550537, 68.346580505371, 65.382736206055
N, 596, 9.575831413269, 57.820503234863, 75.021110534668
N, 597, 9.6931667327881, 77.173553466797, 54.060443878174
N, 598, 23.970306396484, 68.086547851562, 94.16431427002
N, 599, 17.928106307983, 50.44083404541, 86.315223693848
N, 600, 19.804521560669, 87.489082336426, 97.699356079102
N, 601, 24.773376464844, 62.603462219238, 121.95956420898
N, 602, 17.721858978271, 39.482772827148, 101.60509490967
N, 603, 19.791872024536, 83.258659362793, 120.47594451904
N, 604, 6.44806432724, 87.573516845703, 134.97389221191
N, 605, 3.5020661354065, 95.183685302734, 126.88938903809
N, 606, 3.3932526111603, 91.841484069824, 124.06143951416
N, 607, 2.207010269165, 93.084129333496, 123.25118255615
N, 608, 2.6134552955627, 97.566162109375, 119.80757141113
N, 609, 2.1431770324707, 96.722549438477, 119.419090271
N, 610, 16.912487030029, -73.222579956055, 160.66471862793
N, 611, 22.28444480896, -68.790855407715, 158.71078491211
N, 612, 16.601760864258, -71.673957824707, 154.43728637695
N, 613, 9.2254476547241, -96.021102905273, 152.05053710938
N, 614, 9.7158060073853, -95.626091003418, 151.79769897461
N, 615, 10.11200428009, -95.070457458496, 152.18287658691
N, 616, 9.8269634246826, -95.795288085938, 152.53372192383
N, 617, 10.286790847778, 80.7421875, 7.8994975090027
N, 618, 13.269466400146, 89.232223510742, 17.687885284424
N, 619, 12.719513893127, 87.711074829102, 33.203014373779
N, 620, 7.9871830940247, 87.711074829102, 33.203014373779
N, 621, 9.535816192627, -34.151260375977, 31.95103263855
N, 622, 8.1430158615112, -36.165790557861, 15.629493713379
N, 623, 13.425511360168, -36.165790557861, 15.629493713379
N, 624, 12.619341850281, -34.151260375977, 31.95103263855
N, 625, 15.785710334778, -39.91508102417, 3.8231978416443
N, 626, 11.714848518372, -39.946228027344, 7.8994903564453
N, 627, 11.420530319214, -40.958755493164, 4.325710773468
N, 628, 12.201261520386, -29.003112792969, 17.668560028076
N, 629, 10.877577781677, -28.268085479736, 13.442850112915
N, 630, 9.7110366821289, -28.268085479736, 13.442850112915
N, 631, 8.7639141082764, -29.003112792969, 17.668560028076
N, 632, 7.5055508613586, -28.268085479736, 13.442850112915
N, 633, 7.6886596679688, -31.451097488403, 17.688785552979
N, 634, 13.190583229065, -28.268085479736, 13.442850112915
N, 635, 13.474685668945, -30.819005966187, 11.891201019287
N, 636, 13.125637054443, -29.117963790894, 9.3281316757202
N, 637, 13.113531112671, -28.996797561646, 9.3009576797485
N, 638, 9.6365098953247, -30.819005966187, 11.891201019287
N, 639, 7.790647983551, -29.123294830322, 9.3329849243164
N, 640, 7.790647983551, -29.00400352478, 9.3087902069092
N, 641, 13.033802986145, -28.996824264526, 9.3009052276611
N, 642, 13.033802986145, -29.116136550903, 9.3251085281372
N, 643, 7.703031539917, -29.121652603149, 9.3374185562134
N, 644, 7.6996059417725, -29.003856658936, 9.3088569641113
N, 645, 11.046934127808, -30.819005966187, 11.891201019287
N, 646, 7.5762419700623, -30.819005966187, 11.891201019287
N, 647, 14.585591316223, -34.363544464111, 0.61608791351318
N, 648, 11.422500610352, -34.362564086914, 0.6156005859375
N, 649, 11.014227867126, -40.958755493164, 4.325710773468
N, 650, 11.000732421875, -34.359325408936, 0.61399346590042
N, 651, 5.9919762611389, -39.91508102417, 3.8231978416443
N, 652, 7.5035629272461, -42.626190185547, -6.247199507925e-06
N, 653, 10.916816711426, -45.437980651855, -6.247199507925e-06
N, 654, 11.517033576965, -45.437980651855, -6.247199507925e-06
N, 655, 14.516962051392, -42.626190185547, -6.247199507925e-06
N, 656, 7.4293823242188, -34.366054534912, 0.61733108758926
N, 657, 7.5035629272461, -35.726413726807, -4.6853992898832e-06
N, 658, 14.516962051392, -35.726413726807, -4.6853992898832e-06
N, 659, 10.9168176651, -35.726413726807, -4.6853992898832e-06
N, 660, 11.51703453064, -35.726413726807, -4.6853992898832e-06
N, 661, 11.934274673462, -28.748645782471, 31.994623184204
N, 662, 8.6148691177368, -28.748645782471, 31.994623184204
N, 663, 10.286797523499, -39.946228027344, 7.8994903564453
N, 664, 13.269471168518, -31.456186294556, 17.687881469727
N, 665, 12.719518661499, -31.577760696411, 31.975103378296
N, 666, 7.9871888160706, -31.577760696411, 31.975103378296
N, 667, 42.125170375272, -67.716045326874, 199.65061911162
N, 668, 25.043444619941, -90.269710702484, 187.62833407215
N, 669, 15.96293340064, -93.139842652178, 176.63755964474
N, 670, -15.96293340064, -93.139842652178, 176.63755964474
N, 671, -25.178080192959, -88.314984105396, 184.15871750137
N, 672, 34.607758966407, -78.461060400893, 190.60390300817
N, 673, 21.474864666649, -86.064459732471, 177.97734745243
N, 674, -14.296458866164, -78.813674294309, 180.10733308292
N, 675, 14.296458866164, -78.813674294309, 180.10733308292
N, 676, -34.607758966407, -78.461060400893, 190.60390300817
N, 677, -42.125170375272, -67.716045326874, 199.65061911162
N, 678, -25.043444619941, -90.269710702484, 187.62833407215
N, 679, 25.178080192959, -88.314984105396, 184.15871750137
N, 680, -22.186342695617, -86.898288590893, 179.49563952201
N, 681, -34.830170918899, -80.036289944744, 196.54351239904
N, 682, 34.830170918899, -80.036289944744, 196.54351239904
N, 683, -1.6769683954791, -88.457392587899, 150.38811984229
N, 684, 5.8234710424146, -89.691237347421, 152.23826069316
N, 685, 1.4210854715202e-14, -29.079608897938, 100.19401855203
NPLOT
ET,1,SOLID285
E, 68, 119, 680, 120
E, 201, 200, 199, 198
E, 676, 132, 130, 126
E, 457, 462, 461, 679
E, 299, 298, 300, 683
E, 616, 615, 613, 684
E, 281, 190, 187, 601
E, 187, 281, 601, 186
E, 35, 379, 39, 683
E, 35, 376, 379, 683
E, 376, 683, 367, 684
E, 601, 281, 178, 186
E, 453, 456, 452, 675
E, 448, 669, 443, 444
E, 644, 646, 643, 632
E, 331, 318, 328, 329
E, 561, 563, 560, 549
E, 229, 240, 239, 242
E, 453, 452, 449, 675
E, 120, 125, 121, 671
E, 186, 178, 601, 511
E, 281, 179, 178, 186
E, 670, 105, 106, 102
E, 101, 670, 105, 108
E, 122, 671, 118, 119
E, 670, 101, 107, 108
E, 39, 379, 28, 683
E, 20, 10, 31, 34
E, 341, 338, 336, 333
E, 657, 653, 649, 652
E, 574, 570, 566, 569
E, 249, 252, 244, 247
E, 23, 24, 367, 25
E, 190, 187, 278, 281
E, 601, 190, 187, 598
E, 187, 282, 281, 186
E, 187, 601, 603, 186
E, 280, 190, 281, 601
E, 514, 522, 201, 685
E, 31, 20, 34, 21
E, 170, 216, 202, 685
E, 507, 524, 537, 685
E, 602, 193, 190, 518
E, 281, 178, 177, 601
E, 675, 450, 455, 451
E, 191, 190, 278, 277
E, 517, 190, 599, 598
E, 202, 508, 173, 685
E, 190, 191, 193, 277
E, 517, 599, 190, 518
E, 675, 454, 449, 453
E, 198, 196, 520, 197
E, 601, 178, 177, 510
E, 36, 39, 35, 379
E, 506, 512, 169, 685
E, 182, 169, 512, 685
E, 36, 376, 379, 35
E, 142, 677, 146, 148
E, 20, 17, 19, 364
E, 18, 20, 17, 19
E, 448, 669, 446, 447
E, 370, 367, 683, 684
E, 202, 524, 508, 685
E, 362, 17, 363, 364
E, 670, 101, 105, 102
E, 601, 280, 190, 602
E, 20, 31, 22, 21
E, 299, 3, 298, 683
E, 616, 613, 354, 684
E, 281, 282, 179, 186
E, 601, 603, 186, 511
E, 299, 300, 3, 683
E, 616, 354, 615, 684
E, 677, 142, 144, 148
E, 178, 601, 511, 510
E, 177, 179, 178, 281
E, 300, 298, 301, 683
E, 613, 615, 614, 684
E, 672, 465, 466, 468
E, 14, 17, 363, 362
E, 196, 195, 280, 519
E, 24, 36, 376, 375
E, 376, 367, 371, 684
E, 182, 216, 169, 685
E, 537, 512, 506, 685
E, 204, 214, 201, 685
E, 535, 525, 522, 685
E, 281, 177, 280, 601
E, 201, 184, 514, 685
E, 37, 28, 379, 377
E, 123, 671, 122, 119
E, 591, 592, 584, 595
E, 275, 269, 272, 264
E, 177, 601, 510, 602
E, 448, 669, 447, 443
E, 214, 205, 211, 685
E, 3, 1, 298, 683
E, 354, 613, 352, 684
E, 375, 376, 24, 367
E, 669, 443, 444, 440
E, 9, 10, 34, 31
E, 10, 370, 360, 374
E, 192, 190, 193, 518
E, 277, 193, 190, 280
E, 599, 602, 190, 518
E, 269, 275, 272, 274
E, 596, 592, 591, 595
E, 524, 199, 520, 521
E, 169, 507, 506, 685
E, 120, 125, 671, 124
E, 376, 36, 379, 375
E, 31, 370, 367, 683
E, 375, 166, 24, 36
E, 170, 169, 216, 685
E, 507, 537, 506, 685
E, 280, 523, 175, 203
E, 184, 211, 182, 685
E, 512, 534, 514, 685
E, 147, 677, 143, 145
E, 677, 147, 149, 145
E, 512, 514, 184, 685
E, 601, 177, 280, 602
E, 368, 26, 372, 684
E, 277, 190, 278, 280
E, 190, 602, 599, 598
E, 674, 117, 116, 112
E, 280, 190, 278, 281
E, 602, 190, 601, 598
E, 364, 20, 17, 366
E, 26, 369, 368, 372
E, 202, 508, 175, 173
E, 204, 205, 214, 685
E, 175, 174, 177, 176
E, 351, 309, 306, 317
E, 622, 666, 621, 633
E, 202, 203, 175, 523
E, 170, 173, 508, 685
E, 519, 280, 196, 602
E, 673, 407, 459, 457
E, 121, 119, 68, 120
E, 457, 407, 459, 460
E, 523, 280, 175, 602
E, 521, 525, 524, 685
E, 39, 36, 37, 379
E, 24, 375, 367, 505
E, 170, 202, 173, 685
E, 507, 508, 524, 685
E, 675, 454, 450, 449
E, 506, 513, 181, 512
E, 33, 35, 39, 683
E, 271, 188, 268, 278
E, 593, 516, 598, 588
E, 166, 168, 167, 505
E, 181, 182, 169, 512
E, 506, 181, 169, 512
E, 203, 196, 280, 523
E, 170, 507, 169, 685
E, 523, 175, 202, 524
E, 166, 375, 24, 505
E, 370, 31, 2, 683
E, 508, 202, 175, 524
E, 33, 5, 30, 683
E, 372, 371, 357, 684
E, 280, 193, 190, 602
E, 370, 371, 367, 684
E, 175, 174, 173, 508
E, 508, 507, 170, 685
E, 2, 3, 27, 683
E, 368, 354, 355, 684
E, 457, 458, 459, 673
E, 5, 32, 3, 683
E, 354, 373, 357, 684
E, 464, 459, 460, 679
E, 280, 195, 196, 203
E, 505, 181, 166, 506
E, 291, 288, 292, 293
E, 2, 11, 31, 370
E, 365, 367, 31, 370
E, 12, 9, 10, 34
E, 374, 360, 10, 361
E, 523, 196, 280, 602
E, 27, 32, 33, 683
E, 372, 373, 368, 684
E, 26, 369, 372, 28
E, 220, 228, 217, 305
E, 550, 538, 620, 539
E, 54, 68, 55, 680
E, 31, 11, 10, 370
E, 3, 32, 27, 683
E, 354, 368, 373, 684
E, 286, 291, 288, 292
E, 605, 291, 608, 607
E, 18, 21, 16, 15
E, 363, 362, 364, 366
E, 434, 426, 430, 429
E, 95, 87, 90, 92
E, 602, 519, 193, 518
E, 378, 369, 372, 368
E, 372, 373, 378, 368
E, 33, 39, 40, 29
E, 433, 429, 425, 426
E, 90, 93, 88, 87
E, 26, 355, 11, 684
E, 429, 433, 425, 432
E, 93, 90, 88, 94
E, 203, 202, 196, 523
E, 424, 428, 427, 425
E, 89, 86, 88, 85
E, 440, 441, 442, 380
E, 271, 188, 278, 191
E, 593, 516, 517, 598
E, 508, 171, 170, 507
E, 599, 590, 591, 593
E, 270, 269, 271, 277
E, 166, 375, 37, 36
E, 166, 37, 505, 167
E, 379, 36, 37, 375
E, 148, 153, 149, 147
E, 487, 492, 485, 488
E, 182, 512, 184, 685
E, 2, 10, 9, 31
E, 355, 10, 370, 360
E, 14, 15, 12, 13
E, 246, 223, 302, 241
E, 562, 567, 543, 617
E, 335, 330, 312, 348
E, 645, 650, 626, 663
E, 198, 520, 199, 521
E, 88, 90, 86, 89
E, 425, 428, 427, 429
E, 667, 481, 486, 482
E, 481, 667, 485, 484
E, 101, 103, 42, 102
E, 372, 357, 373, 684
E, 5, 33, 32, 683
E, 91, 86, 90, 89
E, 428, 431, 427, 429
E, 377, 369, 28, 379
E, 29, 28, 39, 38
E, 674, 113, 111, 115
E, 379, 369, 372, 378
E, 505, 513, 181, 506
E, 667, 485, 484, 488
E, 310, 308, 312, 322
E, 635, 625, 623, 626
E, 43, 42, 103, 102
E, 171, 168, 170, 507
E, 181, 169, 166, 506
E, 300, 3, 4, 299
E, 616, 354, 353, 615
E, 2, 27, 26, 683
E, 26, 368, 355, 684
E, 87, 95, 96, 92
E, 434, 426, 435, 430
E, 148, 153, 147, 152
E, 487, 492, 491, 485
E, 28, 369, 372, 379
E, 146, 152, 148, 147
E, 487, 486, 485, 491
E, 113, 674, 117, 115
E, 81, 155, 85, 157
E, 421, 493, 496, 424
E, 221, 219, 223, 233
E, 552, 542, 540, 543
E, 442, 440, 380, 382
E, 562, 564, 543, 565
E, 245, 223, 241, 243
E, 645, 647, 626, 648
E, 332, 330, 312, 334
E, 166, 168, 505, 506
E, 166, 375, 505, 37
E, 196, 198, 520, 199
E, 90, 93, 87, 95
E, 433, 429, 426, 434
E, 24, 367, 513, 505
E, 290, 286, 288, 289
E, 241, 223, 233, 243
E, 564, 552, 562, 543
E, 647, 635, 645, 626
E, 322, 332, 330, 312
E, 335, 325, 348, 342
E, 650, 663, 638, 656
E, 236, 253, 302, 246
E, 567, 617, 555, 573
E, 138, 140, 151, 141
E, 479, 477, 489, 478
E, 140, 138, 151, 139
E, 477, 479, 489, 480
E, 193, 280, 195, 519
E, 185, 184, 183, 514
E, 233, 243, 223, 221
E, 564, 552, 543, 542
E, 322, 332, 312, 310
E, 647, 635, 626, 625
E, 181, 166, 24, 505
E, 331, 325, 342, 348
E, 646, 656, 638, 663
E, 242, 236, 253, 302
E, 563, 573, 555, 617
E, 657, 653, 659, 649
E, 341, 338, 333, 344
E, 252, 249, 244, 255
E, 570, 574, 566, 576
E, 42, 41, 32, 43
E, 41, 32, 43, 44
E, 168, 169, 507, 506
E, 253, 242, 302, 248
E, 563, 573, 617, 568
E, 646, 656, 663, 651
E, 342, 331, 348, 337
E, 309, 337, 348, 331
E, 663, 622, 646, 651
E, 83, 143, 82, 85
E, 422, 481, 424, 420
E, 50, 51, 43, 103
E, 334, 330, 312, 335
E, 648, 645, 650, 626
E, 246, 223, 241, 245
E, 565, 562, 567, 543
E, 325, 335, 348, 330
E, 663, 650, 638, 645
E, 236, 246, 302, 241
E, 617, 567, 555, 562
E, 89, 143, 83, 85
E, 481, 428, 422, 424
E, 355, 10, 11, 370
E, 2, 10, 31, 11
E, 29, 39, 40, 38
E, 248, 302, 220, 242
E, 617, 539, 563, 568
E, 359, 613, 358, 614
E, 8, 7, 301, 298
E, 43, 44, 51, 50
E, 103, 51, 43, 102
E, 140, 151, 141, 150
E, 478, 489, 479, 490
E, 245, 223, 222, 244
E, 565, 543, 566, 544
E, 333, 311, 312, 334
E, 627, 626, 648, 649
E, 667, 481, 485, 486
E, 7, 301, 298, 683
E, 359, 613, 614, 684
E, 268, 278, 267, 271
E, 589, 588, 593, 598
E, 541, 597, 619, 538
E, 276, 218, 303, 217
E, 596, 592, 593, 591
E, 272, 269, 274, 271
E, 21, 16, 15, 34
E, 362, 363, 374, 366
E, 267, 279, 278, 268
E, 588, 589, 600, 598
E, 363, 361, 374, 366
E, 198, 204, 199, 201
E, 218, 276, 303, 263
E, 541, 597, 585, 619
E, 257, 259, 260, 273
E, 580, 583, 594, 578
E, 516, 515, 603, 600
E, 189, 279, 188, 282
E, 390, 442, 388, 382
E, 379, 377, 369, 378
E, 200, 201, 514, 522
E, 381, 388, 442, 382
E, 579, 580, 594, 578
E, 259, 258, 273, 257
E, 524, 525, 526, 685
E, 204, 202, 205, 685
E, 491, 486, 485, 490
E, 146, 150, 152, 147
E, 619, 597, 585, 583
E, 303, 276, 260, 263
E, 388, 390, 382, 383
E, 169, 170, 168, 507
E, 259, 261, 272, 262
E, 582, 580, 592, 581
E, 129, 127, 126, 676
E, 440, 442, 390, 382
E, 433, 429, 434, 432
E, 90, 93, 95, 94
E, 258, 259, 273, 266
E, 579, 580, 587, 594
E, 204, 207, 215, 214
E, 536, 525, 535, 529
E, 382, 381, 388, 383
E, 390, 388, 389, 383
E, 352, 616, 613, 354
E, 1, 299, 3, 298
E, 421, 493, 424, 427
E, 81, 155, 86, 85
E, 49, 51, 44, 50
E, 312, 348, 333, 335
E, 626, 663, 650, 649
E, 246, 223, 244, 302
E, 567, 543, 617, 566
E, 610, 501, 502, 503
E, 162, 296, 164, 163
E, 168, 166, 169, 506
E, 262, 272, 259, 265
E, 592, 581, 580, 586
E, 528, 534, 527, 535
E, 211, 208, 206, 214
E, 586, 589, 593, 581
E, 267, 265, 271, 262
E, 61, 69, 70, 79
E, 401, 408, 419, 411
E, 188, 268, 278, 279
E, 588, 516, 598, 600
E, 29, 32, 44, 40
E, 152, 151, 147, 150
E, 489, 491, 485, 490
E, 260, 303, 257, 273
E, 578, 583, 594, 619
E, 271, 278, 267, 270
E, 593, 590, 589, 598
E, 491, 489, 485, 492
E, 151, 152, 147, 153
E, 513, 181, 24, 505
E, 158, 160, 154, 161
E, 500, 498, 499, 494
E, 71, 70, 69, 80
E, 418, 410, 411, 408
E, 217, 305, 303, 273
E, 620, 619, 594, 538
E, 582, 581, 593, 589
E, 262, 267, 261, 271
E, 260, 264, 272, 261
E, 583, 584, 582, 592
E, 111, 50, 60, 110
E, 450, 388, 399, 449
E, 193, 280, 519, 602
E, 306, 210, 349, 307
E, 531, 621, 665, 624
E, 41, 32, 44, 29
E, 621, 666, 533, 665
E, 349, 306, 351, 212
E, 410, 418, 409, 408
E, 69, 71, 80, 72
E, 211, 208, 210, 209
E, 534, 528, 530, 531
E, 352, 613, 359, 684
E, 7, 298, 1, 683
E, 317, 350, 309, 306
E, 621, 633, 664, 622
E, 478, 489, 491, 477
E, 151, 141, 152, 138
E, 7, 2, 31, 683
E, 370, 355, 359, 684
E, 162, 295, 165, 296
E, 611, 504, 610, 503
E, 41, 43, 103, 50
E, 426, 434, 435, 433
E, 95, 87, 96, 93
E, 296, 165, 162, 164
E, 501, 610, 504, 503
E, 619, 594, 578, 620
E, 305, 257, 303, 273
E, 618, 538, 550, 539
E, 217, 228, 220, 304
E, 369, 383, 382, 378
E, 512, 183, 184, 514
E, 586, 593, 592, 581
E, 265, 271, 262, 272
E, 260, 264, 263, 272
E, 583, 584, 592, 585
E, 527, 535, 525, 529
E, 43, 50, 41, 44
E, 30, 7, 31, 683
E, 371, 370, 359, 684
E, 383, 382, 381, 369
E, 306, 210, 212, 349
E, 621, 531, 665, 533
E, 305, 258, 257, 273
E, 594, 578, 620, 579
E, 70, 71, 78, 80
E, 410, 416, 418, 411
E, 623, 621, 664, 622
E, 350, 308, 309, 306
E, 27, 41, 32, 42
E, 525, 526, 527, 529
E, 304, 220, 217, 219
E, 538, 618, 540, 539
E, 419, 406, 407, 400
E, 79, 67, 62, 68
E, 70, 79, 69, 80
E, 418, 411, 419, 408
E, 262, 261, 272, 271
E, 581, 593, 592, 582
E, 208, 211, 206, 209
E, 534, 528, 527, 530
E, 265, 267, 271, 268
E, 586, 589, 588, 593
E, 151, 141, 150, 152
E, 478, 489, 490, 491
E, 401, 408, 400, 419
E, 61, 69, 79, 62
E, 50, 49, 60, 110
E, 389, 388, 399, 450
E, 605, 291, 607, 285
E, 7, 8, 1, 298
E, 358, 613, 359, 352
E, 3, 2, 1, 683
E, 354, 352, 355, 684
E, 543, 565, 542, 544
E, 223, 245, 222, 221
E, 648, 625, 626, 627
E, 310, 312, 311, 334
E, 449, 388, 399, 393
E, 50, 60, 53, 111
E, 346, 347, 215, 213
E, 662, 536, 532, 661
E, 626, 650, 648, 649
E, 334, 312, 333, 335
E, 223, 246, 244, 245
E, 567, 565, 543, 566
E, 649, 663, 650, 651
E, 348, 337, 333, 335
E, 248, 244, 302, 246
E, 566, 617, 567, 568
E, 206, 211, 214, 205
E, 90, 92, 86, 91
E, 430, 427, 431, 429
E, 380, 381, 382, 369
E, 259, 272, 273, 265
E, 580, 592, 586, 594
E, 489, 491, 477, 492
E, 151, 152, 153, 138
E, 634, 642, 641, 636
E, 327, 326, 321, 319
E, 237, 238, 230, 232
E, 553, 558, 559, 551
E, 27, 41, 29, 32
E, 178, 176, 177, 510
E, 442, 380, 381, 382
E, 677, 142, 146, 143
E, 661, 536, 528, 529
E, 215, 207, 346, 208
E, 119, 120, 118, 680
E, 193, 191, 190, 192
E, 190, 192, 517, 518
E, 548, 618, 619, 550
E, 213, 215, 346, 208
E, 528, 532, 536, 661
E, 200, 201, 184, 514
E, 619, 545, 618, 548
E, 157, 81, 156, 85
E, 495, 424, 421, 496
E, 536, 535, 528, 529
E, 214, 207, 215, 208
E, 267, 261, 271, 270
E, 593, 590, 582, 589
E, 7, 1, 2, 683
E, 352, 359, 355, 684
E, 112, 53, 60, 110
E, 450, 399, 451, 393
E, 261, 259, 272, 260
E, 580, 582, 592, 583
E, 231, 237, 230, 232
E, 554, 558, 553, 551
E, 326, 320, 321, 319
E, 637, 634, 641, 636
E, 467, 418, 468, 466
E, 532, 535, 528, 536
E, 215, 213, 214, 208
E, 87, 90, 86, 88
E, 429, 426, 427, 425
E, 390, 392, 394, 388
E, 51, 54, 50, 55
E, 631, 633, 664, 665
E, 631, 664, 628, 665
E, 399, 450, 449, 393
E, 111, 60, 53, 110
E, 369, 382, 380, 368
E, 264, 269, 271, 270
E, 590, 584, 591, 593
E, 535, 527, 528, 529
E, 206, 207, 214, 208
E, 401, 417, 411, 419
E, 77, 70, 79, 61
E, 312, 310, 332, 334
E, 625, 647, 648, 626
E, 223, 245, 221, 243
E, 565, 542, 564, 543
E, 102, 103, 51, 104
E, 443, 440, 442, 390
E, 6, 301, 8, 7
E, 356, 614, 359, 358
E, 335, 337, 333, 344
E, 650, 659, 649, 651
E, 244, 248, 255, 246
E, 576, 566, 567, 568
E, 68, 67, 53, 60
E, 183, 184, 182, 512
E, 5, 6, 7, 683
E, 677, 147, 143, 146
E, 43, 41, 103, 42
E, 475, 473, 498, 474
E, 136, 134, 158, 135
E, 1, 299, 4, 3
E, 352, 616, 354, 353
E, 348, 312, 308, 330
E, 645, 623, 663, 626
E, 90, 87, 86, 92
E, 426, 429, 427, 430
E, 390, 442, 443, 391
E, 103, 52, 51, 104
E, 335, 348, 337, 342
E, 663, 656, 650, 651
E, 573, 567, 617, 568
E, 246, 302, 248, 253
E, 223, 241, 219, 302
E, 543, 540, 562, 617
E, 333, 337, 336, 341
E, 651, 657, 649, 652
E, 247, 248, 252, 244
E, 574, 569, 566, 568
E, 75, 73, 76, 681
E, 254, 251, 256, 221
E, 542, 575, 572, 577
E, 310, 340, 343, 345
E, 655, 658, 660, 625
E, 375, 376, 612, 610
E, 296, 36, 35, 297
E, 256, 222, 245, 221
E, 544, 565, 542, 577
E, 625, 648, 660, 627
E, 345, 310, 311, 334
E, 418, 468, 466, 465
E, 271, 261, 264, 270
E, 590, 584, 593, 582
E, 228, 217, 303, 304
E, 538, 619, 618, 550
E, 592, 593, 584, 582
E, 271, 261, 272, 264
E, 254, 245, 221, 256
E, 565, 575, 542, 577
E, 343, 334, 310, 345
E, 648, 658, 625, 660
E, 60, 53, 54, 50
E, 393, 388, 399, 392
E, 68, 54, 53, 62
E, 421, 420, 424, 495
E, 156, 81, 82, 85
E, 359, 357, 371, 684
E, 7, 30, 5, 683
E, 443, 440, 441, 442
E, 102, 101, 103, 104
E, 68, 54, 60, 53
E, 172, 173, 174, 508
E, 622, 646, 638, 663
E, 331, 348, 309, 325
E, 445, 384, 386, 387
E, 105, 47, 48, 45
E, 619, 620, 548, 550
E, 225, 228, 305, 303
E, 303, 257, 225, 224
E, 619, 578, 545, 548
E, 259, 272, 260, 273
E, 580, 592, 594, 583
E, 255, 252, 248, 244
E, 566, 576, 574, 568
E, 337, 333, 344, 341
E, 649, 659, 657, 651
E, 384, 445, 386, 385
E, 46, 105, 45, 47
E, 406, 400, 401, 393
E, 67, 62, 53, 61
E, 185, 200, 184, 514
E, 255, 248, 252, 253
E, 574, 576, 573, 568
E, 659, 656, 657, 651
E, 337, 344, 342, 341
E, 52, 103, 101, 104
E, 442, 441, 443, 391
E, 622, 638, 645, 663
E, 330, 309, 348, 325
E, 623, 645, 635, 626
E, 322, 308, 312, 330
E, 539, 563, 555, 617
E, 236, 220, 302, 242
E, 668, 463, 464, 462
E, 295, 165, 296, 297
E, 504, 610, 612, 611
E, 539, 555, 562, 617
E, 241, 220, 302, 236
E, 562, 552, 540, 543
E, 241, 223, 219, 233
E, 664, 633, 621, 665
E, 349, 350, 317, 306
E, 344, 335, 337, 342
E, 659, 650, 656, 651
E, 567, 573, 576, 568
E, 248, 255, 246, 253
E, 633, 631, 666, 665
E, 349, 317, 314, 351
E, 54, 68, 60, 55
E, 575, 565, 542, 564
E, 245, 254, 221, 243
E, 658, 648, 625, 647
E, 334, 343, 310, 332
E, 678, 124, 122, 125
E, 81, 86, 91, 89
E, 428, 431, 421, 427
E, 313, 346, 349, 314
E, 631, 628, 661, 665
E, 67, 62, 68, 53
E, 423, 428, 431, 421
E, 91, 84, 81, 89
E, 462, 461, 464, 668
E, 275, 272, 263, 264
E, 584, 595, 592, 585
E, 164, 296, 36, 163
E, 501, 502, 375, 610
E, 81, 86, 89, 85
E, 421, 424, 428, 427
E, 497, 500, 498, 475
E, 159, 134, 158, 161
E, 51, 54, 52, 50
E, 390, 392, 388, 391
E, 678, 125, 122, 123
E, 379, 37, 377, 375
E, 38, 39, 36, 37
E, 286, 287, 288, 289
E, 289, 607, 605, 606
E, 538, 620, 619, 550
E, 305, 228, 217, 303
E, 439, 438, 437, 433
E, 93, 100, 99, 97
E, 308, 309, 348, 330
E, 622, 645, 623, 663
E, 176, 178, 511, 510
E, 179, 176, 177, 178
E, 578, 619, 620, 548
E, 257, 225, 305, 303
E, 390, 388, 442, 391
E, 52, 51, 50, 103
E, 585, 595, 592, 597
E, 272, 263, 276, 275
E, 33, 164, 36, 163
E, 372, 501, 502, 375
E, 33, 164, 39, 36
E, 372, 501, 375, 379
E, 258, 225, 305, 257
E, 578, 620, 579, 548
E, 539, 562, 540, 617
E, 241, 302, 220, 219
E, 272, 276, 260, 273
E, 583, 592, 594, 597
E, 463, 679, 459, 464
E, 105, 46, 45, 108
E, 385, 445, 386, 446
E, 260, 263, 276, 272
E, 592, 583, 585, 597
E, 436, 437, 438, 432
E, 94, 99, 98, 97
E, 317, 349, 306, 351
E, 633, 666, 621, 665
E, 468, 467, 466, 672
E, 314, 346, 349, 351
E, 661, 666, 631, 665
E, 71, 80, 72, 83
E, 418, 409, 422, 410
E, 631, 662, 666, 661
E, 346, 314, 347, 351
E, 273, 259, 265, 266
E, 586, 594, 587, 580
E, 84, 83, 81, 89
E, 423, 422, 428, 421
E, 679, 463, 462, 464
E, 610, 375, 501, 504
E, 296, 36, 165, 164
E, 316, 350, 319, 330
E, 645, 629, 664, 634
E, 669, 443, 440, 447
E, 447, 443, 441, 391
E, 104, 101, 52, 107
E, 315, 318, 317, 325
E, 632, 638, 630, 633
E, 154, 155, 156, 85
E, 675, 450, 451, 449
E, 562, 618, 551, 546
E, 304, 227, 241, 230
E, 321, 322, 327, 319
E, 634, 642, 636, 635
E, 552, 553, 559, 551
E, 238, 233, 230, 232
E, 157, 155, 85, 156
E, 412, 415, 414, 682
E, 229, 228, 226, 236
E, 550, 555, 549, 547
E, 112, 111, 110, 674
E, 315, 330, 325, 317
E, 645, 630, 638, 633
E, 104, 102, 107, 670
E, 296, 165, 36, 297
E, 610, 612, 375, 504
E, 424, 427, 493, 494
E, 155, 154, 86, 85
E, 49, 55, 51, 50
E, 389, 388, 390, 394
E, 113, 674, 111, 112
E, 440, 447, 441, 669
E, 128, 676, 129, 126
E, 241, 226, 228, 236
E, 547, 562, 550, 555
E, 410, 420, 409, 422
E, 71, 82, 83, 72
E, 46, 105, 47, 109
E, 385, 445, 448, 384
E, 350, 319, 313, 316
E, 628, 664, 629, 634
E, 388, 394, 399, 392
E, 55, 60, 54, 50
E, 670, 101, 102, 107
E, 631, 645, 633, 630
E, 145, 142, 677, 143
E, 630, 631, 632, 633
E, 314, 318, 317, 315
E, 60, 55, 49, 50
E, 389, 388, 394, 399
E, 393, 451, 449, 452
E, 113, 53, 112, 111
E, 482, 484, 667, 481
E, 142, 145, 677, 144
E, 433, 438, 437, 432
E, 99, 94, 93, 97
E, 618, 545, 551, 546
E, 227, 304, 224, 230
E, 484, 482, 667, 483
E, 445, 448, 444, 669
E, 548, 562, 550, 547
E, 119, 120, 121, 671
E, 451, 393, 449, 450
E, 53, 112, 111, 110
E, 508, 172, 171, 507
E, 633, 638, 645, 622
E, 330, 317, 309, 325
E, 350, 322, 319, 330
E, 634, 664, 645, 635
E, 331, 317, 318, 325
E, 632, 646, 638, 633
E, 71, 82, 81, 83
E, 410, 420, 422, 421
E, 643, 638, 632, 646
E, 325, 329, 318, 331
E, 236, 240, 229, 242
E, 560, 555, 549, 563
E, 225, 228, 226, 229
E, 549, 548, 550, 547
E, 449, 452, 451, 675
E, 118, 671, 120, 119
E, 664, 633, 645, 622
E, 309, 350, 317, 330
E, 83, 81, 71, 84
E, 410, 422, 423, 421
E, 445, 448, 669, 446
E, 618, 551, 552, 562
E, 230, 241, 304, 233
E, 236, 229, 228, 242
E, 563, 555, 549, 550
E, 241, 228, 220, 236
E, 550, 555, 562, 539
E, 122, 125, 124, 671
E, 109, 105, 106, 670
E, 322, 327, 319, 330
E, 642, 634, 645, 635
E, 233, 230, 241, 238
E, 559, 552, 551, 562
E, 35, 39, 36, 33
E, 379, 372, 376, 375
E, 457, 460, 459, 679
E, 109, 105, 670, 108
E, 309, 308, 350, 330
E, 623, 664, 645, 622
E, 550, 562, 618, 539
E, 241, 220, 228, 304
E, 109, 105, 47, 106
E, 445, 448, 384, 444
E, 131, 132, 676, 133
E, 631, 645, 664, 633
E, 46, 105, 109, 108
E, 385, 445, 446, 448
E, 350, 308, 322, 330
E, 635, 664, 645, 623
E, 471, 469, 672, 472
E, 331, 309, 317, 325
E, 633, 646, 638, 622
E, 104, 102, 101, 107
E, 447, 443, 440, 441
E, 458, 457, 459, 679
E, 304, 241, 220, 219
E, 562, 540, 618, 539
E, 677, 147, 148, 149
E, 147, 677, 148, 146
E, 122, 125, 671, 123
E, 461, 462, 464, 679
E, 552, 540, 618, 562
E, 219, 304, 241, 233
E, 236, 228, 220, 242
E, 563, 555, 550, 539
E, 548, 562, 618, 550
E, 132, 131, 676, 130
E, 432, 433, 438, 434
E, 95, 94, 93, 99
E, 485, 667, 487, 488
E, 469, 471, 672, 470
E, 667, 485, 487, 486
E, 469, 471, 470, 682
E, 131, 132, 133, 681
E, 469, 415, 412, 682
E, 470, 415, 469, 682
E, 128, 676, 132, 133
E, 133, 73, 131, 681
E, 49, 112, 60, 110
E, 39, 165, 36, 164
E, 110, 116, 112, 674
E, 204, 213, 214, 215
E, 591, 592, 593, 584
E, 305, 266, 258, 273
E, 95, 98, 94, 99
E, 66, 123, 65, 678
E, 135, 159, 134, 158
E, 129, 131, 127, 676
E, 467, 472, 672, 468
E, 63, 678, 124, 122
E, 119, 671, 121, 123
E, 144, 149, 677, 148
E, 123, 671, 121, 125
E, 451, 456, 455, 675
E, 52, 53, 50, 54
E, 105, 47, 106, 48
E, 76, 73, 133, 681
E, 441, 446, 445, 669
E, 104, 106, 102, 670
E, 391, 393, 392, 388
E, 445, 384, 387, 444
E, 129, 131, 676, 133
E, 454, 675, 450, 455
E, 394, 458, 457, 673
E, 375, 371, 376, 367
E, 389, 451, 450, 399
E, 110, 116, 674, 114
E, 460, 461, 464, 679
E, 467, 472, 471, 672
E, 113, 674, 112, 117
E, 404, 668, 405, 462
E, 441, 446, 669, 447
E, 482, 487, 486, 667
E, 465, 672, 469, 468
E, 668, 463, 403, 464
E, 679, 463, 458, 462
E, 404, 668, 463, 403
E, 272, 269, 271, 264
E, 497, 474, 475, 498
E, 415, 470, 414, 682
E, 76, 132, 75, 681
E, 470, 471, 414, 682
E, 620, 587, 594, 579
E, 132, 76, 133, 681
E, 678, 124, 125, 64
E, 63, 678, 64, 124
E, 672, 469, 468, 472
E, 122, 671, 124, 118
E, 488, 489, 492, 485
E, 85, 87, 86, 88
E, 434, 436, 438, 432
E, 125, 65, 678, 64
E, 144, 149, 145, 677
E, 673, 407, 457, 394
E, 525, 532, 536, 535
E, 379, 504, 501, 375
E, 461, 405, 402, 668
E, 149, 151, 147, 153
E, 424, 426, 425, 427
E, 118, 55, 119, 680
E, 125, 65, 123, 678
E, 482, 487, 667, 483
E, 483, 488, 487, 667
E, 488, 483, 484, 667
E, 404, 668, 462, 463
E, 464, 402, 403, 668
E, 461, 405, 668, 462
E, 402, 464, 461, 668
E, 444, 440, 445, 669
E, 445, 440, 441, 669
E, 108, 109, 107, 670
E, 104, 106, 670, 109
E, 109, 104, 107, 670
E, 118, 671, 124, 120
E, 465, 672, 466, 470
E, 465, 672, 470, 469
E, 471, 470, 466, 672
E, 467, 471, 466, 672
E, 392, 459, 458, 673
E, 394, 458, 673, 392
E, 115, 114, 111, 674
E, 111, 114, 110, 674
E, 451, 456, 675, 452
E, 130, 127, 131, 676
E, 127, 130, 126, 676
E, 676, 128, 129, 133
E, 128, 676, 126, 132
E, 678, 63, 66, 122
E, 123, 66, 122, 678
E, 460, 461, 679, 457
E, 679, 463, 459, 458
E, 462, 457, 458, 679
E, 120, 54, 118, 680
E, 55, 118, 54, 680
E, 68, 119, 55, 680
E, 33, 30, 35, 683
E, 372, 376, 371, 684
E, 408, 467, 418, 409
E, 408, 418, 467, 466
E, 59, 116, 114, 117
E, 455, 396, 454, 456
E, 278, 190, 188, 187
E, 188, 190, 278, 191
E, 190, 598, 516, 187
E, 190, 516, 598, 517
E, 300, 683, 5, 3
E, 5, 683, 300, 6
E, 5, 4, 300, 3
E, 300, 4, 5, 6
E, 250, 221, 256, 251
E, 256, 221, 250, 222
E, 571, 542, 577, 544
E, 571, 577, 542, 572
E, 654, 625, 660, 627
E, 654, 660, 625, 655
E, 310, 339, 345, 311
E, 345, 339, 310, 340
E, 291, 607, 609, 608
E, 26, 684, 2, 683
E, 26, 2, 684, 11
E, 145, 83, 143, 82
E, 422, 484, 481, 420
E, 521, 198, 204, 199
E, 202, 524, 204, 199
E, 202, 204, 524, 685
E, 524, 521, 204, 199
E, 524, 204, 521, 685
E, 29, 32, 33, 27
E, 29, 33, 32, 40
E, 685, 214, 184, 211
E, 685, 184, 214, 201
E, 535, 685, 514, 534
E, 514, 685, 535, 522
E, 20, 31, 23, 22
E, 20, 23, 31, 10
E, 20, 13, 18, 17
E, 290, 288, 291, 293
E, 290, 609, 291, 607
E, 368, 378, 382, 373
E, 368, 382, 378, 369
E, 289, 186, 511, 178
E, 289, 284, 511, 604
E, 511, 284, 289, 178
E, 284, 179, 289, 178
E, 284, 289, 179, 283
E, 186, 289, 179, 178
E, 519, 194, 196, 195
E, 603, 186, 516, 187
E, 603, 516, 186, 515
E, 186, 282, 188, 187
E, 186, 188, 282, 189
E, 523, 196, 524, 202
E, 523, 524, 196, 520
E, 199, 524, 196, 202
E, 199, 196, 524, 520
E, 685, 522, 521, 525
E, 602, 509, 177, 174
E, 602, 177, 509, 510
E, 176, 177, 509, 174
E, 176, 509, 177, 510
E, 174, 602, 523, 175
E, 523, 602, 174, 509
E, 174, 523, 524, 175
E, 524, 523, 174, 509
E, 174, 524, 508, 175
E, 508, 524, 174, 509
E, 175, 602, 177, 174
E, 177, 602, 175, 280
E, 372, 376, 683, 379
E, 683, 376, 372, 684
E, 683, 28, 372, 379
E, 363, 366, 17, 361
E, 17, 366, 363, 364
E, 519, 523, 196, 520
E, 196, 523, 519, 602
E, 12, 15, 20, 13
E, 20, 18, 15, 21
E, 15, 18, 20, 13
E, 20, 17, 361, 13
E, 361, 17, 20, 366
E, 170, 508, 172, 171
E, 172, 508, 170, 173
E, 512, 181, 180, 513
E, 182, 180, 512, 181
E, 512, 180, 182, 183
E, 14, 361, 17, 13
E, 14, 17, 361, 363
E, 328, 324, 315, 323
E, 630, 639, 644, 640
E, 239, 235, 226, 234
E, 547, 556, 561, 557
E, 418, 417, 411, 416
E, 418, 411, 417, 419
E, 77, 80, 70, 78
E, 70, 80, 77, 79
E, 194, 519, 193, 195
E, 194, 518, 193, 519
E, 194, 193, 518, 192
E, 39, 29, 683, 28
E, 39, 683, 29, 33
E, 26, 683, 29, 28
E, 208, 212, 211, 210
E, 528, 534, 533, 531
E, 23, 31, 24, 22
E, 202, 206, 209, 216
E, 527, 524, 530, 537
E, 31, 365, 10, 23
E, 31, 10, 365, 370
E, 20, 10, 365, 23
E, 128, 69, 80, 72
E, 189, 282, 289, 287
E, 189, 289, 282, 186
E, 283, 289, 282, 287
E, 289, 604, 603, 606
E, 289, 515, 603, 186
E, 603, 515, 289, 606
E, 495, 500, 494, 496
E, 495, 494, 500, 499
E, 154, 156, 161, 160
E, 67, 79, 61, 77
E, 67, 61, 79, 62
E, 406, 419, 401, 400
E, 406, 401, 419, 417
E, 276, 303, 273, 217
E, 276, 273, 303, 260
E, 597, 619, 594, 583
E, 597, 594, 619, 538
E, 634, 641, 645, 629
E, 645, 641, 634, 642
E, 319, 326, 330, 327
E, 330, 326, 319, 316
E, 230, 237, 241, 238
E, 241, 237, 230, 227
E, 558, 551, 562, 559
E, 562, 551, 558, 546
E, 683, 301, 6, 7
E, 683, 6, 301, 300
E, 397, 396, 454, 455
E, 58, 114, 59, 116
E, 549, 555, 556, 547
E, 556, 555, 549, 560
E, 556, 561, 549, 547
E, 549, 561, 556, 560
E, 236, 229, 235, 226
E, 236, 235, 229, 240
E, 239, 235, 229, 226
E, 239, 229, 235, 240
E, 632, 638, 639, 630
E, 639, 638, 632, 643
E, 639, 644, 632, 630
E, 632, 644, 639, 643
E, 325, 318, 324, 315
E, 325, 324, 318, 329
E, 328, 324, 318, 315
E, 328, 318, 324, 329
E, 351, 346, 213, 347
E, 532, 661, 666, 662
E, 593, 598, 599, 590
E, 599, 598, 593, 517
E, 271, 278, 277, 191
E, 271, 277, 278, 270
E, 212, 208, 349, 210
E, 528, 533, 665, 531
E, 367, 23, 31, 24
E, 367, 31, 23, 365
E, 193, 269, 191, 274
E, 193, 191, 269, 277
E, 271, 191, 269, 274
E, 271, 269, 191, 277
E, 591, 518, 517, 596
E, 517, 518, 591, 599
E, 517, 593, 591, 596
E, 591, 593, 517, 599
E, 520, 194, 196, 519
E, 196, 194, 520, 197
E, 28, 37, 39, 38
E, 28, 39, 37, 379
E, 289, 286, 607, 290
E, 376, 502, 375, 372
E, 376, 375, 502, 610
E, 163, 35, 36, 33
E, 163, 36, 35, 296
E, 456, 395, 454, 453
E, 456, 454, 395, 396
E, 398, 454, 395, 453
E, 117, 56, 114, 59
E, 117, 114, 56, 115
E, 57, 56, 114, 115
E, 534, 685, 524, 526
E, 524, 527, 534, 526
E, 534, 527, 524, 530
E, 202, 685, 211, 205
E, 202, 206, 211, 209
E, 211, 206, 202, 205
E, 422, 424, 421, 420
E, 422, 421, 424, 428
E, 85, 83, 81, 82
E, 85, 81, 83, 89
E, 69, 80, 126, 128
E, 129, 80, 126, 127
E, 129, 126, 80, 128
E, 500, 475, 499, 498
E, 500, 499, 475, 476
E, 473, 499, 475, 498
E, 473, 475, 499, 476
E, 136, 134, 160, 158
E, 136, 160, 134, 137
E, 161, 160, 134, 158
E, 161, 134, 160, 137
E, 73, 74, 681, 75
E, 681, 74, 73, 131
E, 130, 132, 681, 75
E, 681, 132, 130, 131
E, 74, 130, 681, 75
E, 681, 130, 74, 131
E, 413, 414, 682, 412
E, 413, 682, 414, 471
E, 469, 472, 682, 412
E, 469, 682, 472, 471
E, 472, 413, 682, 412
E, 472, 682, 413, 471
E, 286, 607, 291, 285
E, 217, 303, 219, 218
E, 217, 219, 303, 304
E, 538, 619, 540, 618
E, 538, 540, 619, 541
E, 607, 285, 289, 605
E, 607, 289, 285, 286
E, 286, 289, 283, 287
E, 605, 604, 289, 606
E, 330, 315, 350, 317
E, 330, 350, 315, 316
E, 313, 315, 350, 316
E, 435, 438, 433, 434
E, 435, 433, 438, 439
E, 99, 96, 93, 95
E, 99, 93, 96, 100
E, 241, 226, 304, 228
E, 241, 304, 226, 227
E, 224, 226, 304, 227
E, 678, 63, 65, 66
E, 678, 65, 63, 64
E, 629, 664, 630, 645
E, 629, 630, 664, 628
E, 631, 630, 664, 645
E, 631, 664, 630, 628
E, 404, 668, 402, 405
E, 404, 402, 668, 403
E, 546, 618, 547, 562
E, 546, 547, 618, 545
E, 548, 547, 618, 562
E, 548, 618, 547, 545
E, 205, 214, 207, 204
E, 205, 207, 214, 206
E, 685, 525, 534, 535
E, 685, 534, 525, 526
E, 527, 534, 525, 535
E, 527, 525, 534, 526
E, 494, 496, 424, 495
E, 494, 424, 496, 493
E, 114, 117, 674, 115
E, 114, 674, 117, 116
E, 456, 454, 675, 453
E, 456, 675, 454, 455
E, 56, 58, 114, 59
E, 56, 114, 58, 57
E, 395, 397, 454, 398
E, 395, 454, 397, 396
E, 349, 308, 306, 307
E, 349, 306, 308, 350
E, 180, 24, 513, 181
E, 279, 281, 187, 282
E, 187, 281, 279, 278
E, 187, 188, 279, 282
E, 279, 188, 187, 278
E, 126, 79, 80, 69
E, 126, 80, 79, 127
E, 154, 159, 158, 161
E, 154, 158, 159, 155
E, 83, 78, 71, 80
E, 71, 78, 83, 84
E, 36, 30, 376, 35
E, 36, 376, 30, 24
E, 683, 376, 30, 35
E, 357, 353, 615, 356
E, 615, 353, 357, 354
E, 357, 684, 615, 354
E, 416, 422, 410, 418
E, 416, 410, 422, 423
E, 466, 419, 418, 465
E, 466, 418, 419, 408
E, 496, 497, 494, 493
E, 496, 494, 497, 500
E, 498, 494, 497, 493
E, 498, 497, 494, 500
E, 600, 516, 187, 603
E, 187, 516, 600, 598
E, 187, 601, 600, 603
E, 600, 601, 187, 598
E, 534, 532, 528, 533
E, 534, 528, 532, 535
E, 665, 623, 621, 664
E, 621, 623, 665, 624
E, 180, 367, 24, 25
E, 180, 24, 367, 513
E, 213, 211, 208, 212
E, 213, 208, 211, 214
E, 393, 399, 400, 392
E, 673, 459, 400, 392
E, 673, 400, 459, 407
E, 54, 120, 68, 680
E, 54, 68, 120, 62
E, 200, 521, 201, 522
E, 200, 201, 521, 198
E, 685, 201, 521, 522
E, 89, 144, 145, 142
E, 145, 144, 89, 83
E, 145, 143, 89, 142
E, 89, 143, 145, 83
E, 483, 428, 484, 482
E, 483, 484, 428, 422
E, 481, 484, 428, 482
E, 481, 428, 484, 422
E, 18, 16, 13, 15
E, 18, 13, 16, 17
E, 14, 13, 16, 15
E, 14, 16, 13, 17
E, 683, 27, 29, 33
E, 683, 29, 27, 26
E, 286, 290, 291, 607
E, 291, 290, 286, 288
E, 528, 665, 532, 661
E, 528, 532, 665, 533
E, 666, 532, 665, 661
E, 666, 665, 532, 533
E, 349, 208, 213, 346
E, 213, 208, 349, 212
E, 213, 351, 349, 346
E, 349, 351, 213, 212
E, 303, 225, 304, 224
E, 303, 304, 225, 228
E, 226, 304, 225, 224
E, 226, 225, 304, 228
E, 349, 314, 350, 313
E, 349, 350, 314, 317
E, 315, 350, 314, 313
E, 315, 314, 350, 317
E, 604, 285, 289, 284
E, 604, 289, 285, 605
E, 283, 285, 289, 286
E, 289, 285, 283, 284
E, 26, 372, 683, 28
E, 26, 683, 372, 684
E, 684, 370, 2, 683
E, 684, 11, 370, 355
E, 370, 11, 684, 2
E, 204, 521, 201, 198
E, 201, 521, 204, 685
E, 291, 290, 294, 609
E, 294, 290, 291, 293
E, 511, 289, 603, 186
E, 603, 289, 511, 604
E, 289, 179, 282, 186
E, 289, 282, 179, 283
E, 20, 34, 15, 12
E, 20, 15, 34, 21
E, 20, 12, 10, 34
E, 20, 10, 12, 13
E, 10, 20, 361, 13
E, 370, 10, 366, 374
E, 361, 10, 366, 20
E, 361, 366, 10, 374
E, 10, 365, 366, 20
E, 10, 366, 365, 370
E, 615, 614, 357, 356
E, 615, 357, 614, 684
E, 359, 357, 614, 356
E, 359, 614, 357, 684
E, 534, 512, 537, 685
E, 537, 512, 534, 530
E, 537, 524, 534, 685
E, 534, 524, 537, 530
E, 211, 202, 216, 685
E, 216, 202, 211, 209
E, 216, 182, 211, 685
E, 211, 182, 216, 209
E, 161, 157, 154, 159
E, 161, 154, 157, 156
E, 155, 154, 157, 159
E, 155, 157, 154, 156
E, 376, 30, 367, 683
E, 376, 367, 30, 24
E, 31, 367, 30, 683
E, 31, 30, 367, 24
E, 399, 400, 406, 393
E, 399, 406, 400, 407
E, 392, 394, 407, 673
E, 407, 394, 392, 399
E, 407, 400, 392, 673
E, 392, 400, 407, 399
EPLOT
